N.type;AA;AC;AG;AT;CA;CC;CG;CT;GA;GC;GG;GT;TA;TC;TG;TT
N8;0.10056657223796034;0.051699716713881017;0.0821529745042493;0.08852691218130311;0.08640226628895184;0.04178470254957507;0.012747875354107648;0.03895184135977337;0.08002832861189801;0.034702549575070823;0.07719546742209632;0.05736543909348442;0.05594900849858357;0.051699716713881017;0.07719546742209632;0.06303116147308782
N8;0.08569405099150142;0.053824362606232294;0.07719546742209632;0.08286118980169972;0.0764872521246459;0.039660056657223795;0.021246458923512748;0.043909348441926344;0.0821529745042493;0.03895184135977337;0.08852691218130311;0.06161473087818697;0.05524079320113314;0.04886685552407932;0.08427762039660057;0.059490084985835696
N3;0.10198300283286119;0.05807365439093484;0.07577903682719547;0.09135977337110482;0.08144475920679886;0.036827195467422094;0.021246458923512748;0.04036827195467422;0.0821529745042493;0.032577903682719546;0.07223796033994334;0.056657223796033995;0.06161473087818697;0.05240793201133145;0.07436260623229461;0.060906515580736544
N1;0.08729595457771469;0.0525195173882186;0.07026259758694109;0.0823278921220724;0.0801987224982257;0.03903477643718949;0.017033356990773598;0.0525195173882186;0.07310149041873669;0.042583392476934;0.0801987224982257;0.060326472675656495;0.0511000709723208;0.054648687012065295;0.08942512420156139;0.06742370475514549
N9;0.10127478753541076;0.07365439093484419;0.07932011331444759;0.08427762039660057;0.08640226628895184;0.04815864022662889;0.020538243626062325;0.05453257790368272;0.07790368271954674;0.043909348441926344;0.06586402266288952;0.04745042492917847;0.07294617563739376;0.043909348441926344;0.06940509915014165;0.030453257790368272
N5;0.09672830725462304;0.0476529160739687;0.07681365576102418;0.08748221906116643;0.07610241820768136;0.03911806543385491;0.021337126600284494;0.03627311522048364;0.08321479374110953;0.03485064011379801;0.08036984352773827;0.06116642958748222;0.051920341394025606;0.051209103840682786;0.08179231863442389;0.07396870554765292
N7;0.1433640880056778;0.06458481192334989;0.07026259758694109;0.09723207948899928;0.085166784953868;0.0454222853087296;0.009226401703335699;0.043293115684882894;0.0695528743789922;0.0333569907735983;0.0525195173882186;0.047551454932576294;0.0773598296664301;0.0397444996451384;0.07097232079488999;0.050390347764371894
N3;0.10361958836053939;0.06813342796309439;0.06529453513129879;0.0880056777856636;0.0830376153300213;0.049680624556423;0.0220014194464159;0.042583392476934;0.07806955287437899;0.032647267565649396;0.0667139815471966;0.05535841022001419;0.060326472675656495;0.0468417317246274;0.07877927608232789;0.058907026259758695
N3;0.10361958836053939;0.06813342796309439;0.06529453513129879;0.08729595457771469;0.0830376153300213;0.049680624556423;0.0220014194464159;0.042583392476934;0.0773598296664301;0.032647267565649396;0.0667139815471966;0.056068133427963095;0.060326472675656495;0.0468417317246274;0.07877927608232789;0.05961674946770759
N2;0.09510290986515259;0.051809794180269694;0.0723917672107878;0.0887154009936125;0.08658623136976579;0.03903477643718949;0.015613910574875798;0.0468417317246274;0.0695528743789922;0.0454222853087296;0.06529453513129879;0.05961674946770759;0.05677785663591199;0.051809794180269694;0.08658623136976579;0.0688431511710433
N2;0.0936834634492548;0.0525195173882186;0.0723917672107878;0.09013484740951029;0.0880056777856636;0.0411639460610362;0.014904187366926898;0.046132008516678494;0.07026259758694109;0.044712562100780694;0.06529453513129879;0.058907026259758695;0.05677785663591199;0.051809794180269694;0.08658623136976579;0.0667139815471966
N2;0.09439318665720368;0.051809794180269694;0.07381121362668559;0.08942512420156139;0.0880056777856636;0.0397444996451384;0.015613910574875798;0.0454222853087296;0.0688431511710433;0.046132008516678494;0.06458481192334989;0.05961674946770759;0.05819730305180979;0.0511000709723208;0.085166784953868;0.06813342796309439
N2;0.09439318665720368;0.0525195173882186;0.07381121362668559;0.0887154009936125;0.0887154009936125;0.04187366926898509;0.014904187366926898;0.044712562100780694;0.07026259758694109;0.044712562100780694;0.06458481192334989;0.05961674946770759;0.056068133427963095;0.0511000709723208;0.0858765081618169;0.06813342796309439
N2;0.0936834634492548;0.0525195173882186;0.07310149041873669;0.0887154009936125;0.0880056777856636;0.043293115684882894;0.014904187366926898;0.044712562100780694;0.07026259758694109;0.0454222853087296;0.06458481192334989;0.058907026259758695;0.056068133427963095;0.049680624556423;0.08658623136976579;0.0695528743789922
N3;0.10149041873669269;0.07806955287437899;0.07310149041873669;0.07594038325053229;0.0908445706174592;0.048970901348474094;0.017743080198722498;0.0511000709723208;0.07523066004258339;0.036905606813342796;0.063875088715401;0.0525195173882186;0.06103619588360539;0.044712562100780694;0.07381121362668559;0.054648687012065295
N3;0.10716820440028389;0.0695528743789922;0.0688431511710433;0.085166784953868;0.08942512420156139;0.0482611781405252;0.015613910574875798;0.044712562100780694;0.07523066004258339;0.032647267565649396;0.06742370475514549;0.056068133427963095;0.058907026259758695;0.047551454932576294;0.0794889992902768;0.0539389638041164
N3;0.1022001419446416;0.0723917672107878;0.07026259758694109;0.08161816891412349;0.0858765081618169;0.049680624556423;0.015613910574875798;0.0454222853087296;0.07594038325053229;0.030518097941802696;0.0695528743789922;0.05819730305180979;0.06245564229950319;0.0440028388928318;0.07877927608232789;0.057487579843860895
N3;0.10432931156848829;0.06813342796309439;0.06245564229950319;0.0830376153300213;0.08445706174591909;0.0482611781405252;0.016323633782824698;0.047551454932576294;0.0695528743789922;0.031227821149751596;0.0745209368346345;0.060326472675656495;0.05961674946770759;0.048970901348474094;0.0823278921220724;0.058907026259758695
N3;0.10645848119233499;0.07097232079488999;0.0688431511710433;0.08658623136976579;0.08942512420156139;0.047551454932576294;0.014194464158977998;0.0454222853087296;0.07523066004258339;0.031227821149751596;0.06742370475514549;0.053229240596167494;0.061745919091554295;0.0468417317246274;0.0766501064584812;0.05819730305180979
N3;0.1050390347764372;0.07097232079488999;0.0723917672107878;0.07877927608232789;0.0887154009936125;0.042583392476934;0.017743080198722498;0.0482611781405252;0.07806955287437899;0.0411639460610362;0.06245564229950319;0.0525195173882186;0.05535841022001419;0.042583392476934;0.08161816891412349;0.061745919091554295
N3;0.10149041873669269;0.07381121362668559;0.07026259758694109;0.08161816891412349;0.085166784953868;0.0482611781405252;0.0191625266146203;0.0454222853087296;0.0801987224982257;0.032647267565649396;0.0660042583392477;0.05535841022001419;0.060326472675656495;0.043293115684882894;0.07877927608232789;0.05819730305180979
N3;0.10312944523470839;0.06685633001422475;0.07112375533428165;0.0860597439544808;0.09246088193456614;0.04623044096728307;0.017069701280227598;0.04480796586059744;0.07396870554765292;0.03840682788051209;0.06472261735419631;0.05263157894736842;0.057610241820768134;0.04907539118065434;0.07681365576102418;0.05903271692745377
N1;0.08161816891412349;0.049680624556423;0.07026259758694109;0.08374733853797019;0.0745209368346345;0.0411639460610362;0.0241305890702626;0.049680624556423;0.0745209368346345;0.04187366926898509;0.0801987224982257;0.0631653655074521;0.0539389638041164;0.05677785663591199;0.0858765081618169;0.0688431511710433
N4;0.08498583569405099;0.05807365439093484;0.07507082152974505;0.08427762039660057;0.07507082152974505;0.04815864022662889;0.024787535410764873;0.04461756373937677;0.08002832861189801;0.042492917847025496;0.07577903682719547;0.05807365439093484;0.06232294617563739;0.043909348441926344;0.08073654390934844;0.06161473087818697
N4;0.09135977337110482;0.06303116147308782;0.07790368271954674;0.07932011331444759;0.07861189801699717;0.043909348441926344;0.017705382436260624;0.04036827195467422;0.0821529745042493;0.032577903682719546;0.0708215297450425;0.06657223796033994;0.059490084985835696;0.04107648725212465;0.08569405099150142;0.06940509915014165
N4;0.08711048158640226;0.0679886685552408;0.07861189801699717;0.0708215297450425;0.0821529745042493;0.04320113314447592;0.019830028328611898;0.04178470254957507;0.07932011331444759;0.034702549575070823;0.07577903682719547;0.06940509915014165;0.05594900849858357;0.04107648725212465;0.08498583569405099;0.06728045325779036
N6;0.10764872521246459;0.059490084985835696;0.07932011331444759;0.0906515580736544;0.08923512747875353;0.04815864022662889;0.024079320113314446;0.04178470254957507;0.07507082152974505;0.04603399433427762;0.0764872521246459;0.046742209631728045;0.06444759206798867;0.049575070821529746;0.06515580736543909;0.03611898016997167
N1;0.08942512420156139;0.0525195173882186;0.07594038325053229;0.08729595457771469;0.0830376153300213;0.0411639460610362;0.014194464158977998;0.0482611781405252;0.0723917672107878;0.0383250532292406;0.07381121362668559;0.05961674946770759;0.05961674946770759;0.054648687012065295;0.08090844570617459;0.0688431511710433
N1;0.0858765081618169;0.050390347764371894;0.0695528743789922;0.0830376153300213;0.07381121362668559;0.04187366926898509;0.0241305890702626;0.0511000709723208;0.07310149041873669;0.043293115684882894;0.0773598296664301;0.061745919091554295;0.05535841022001419;0.05535841022001419;0.085166784953868;0.0688431511710433
N1;0.08374733853797019;0.0539389638041164;0.07097232079488999;0.08090844570617459;0.07026259758694109;0.0454222853087296;0.0220014194464159;0.051809794180269694;0.0766501064584812;0.04187366926898509;0.0801987224982257;0.06103619588360539;0.05819730305180979;0.0482611781405252;0.08729595457771469;0.06742370475514549
N1;0.09013484740951029;0.046132008516678494;0.0695528743789922;0.08729595457771469;0.0773598296664301;0.03903477643718949;0.017743080198722498;0.0525195173882186;0.0723917672107878;0.046132008516678494;0.07806955287437899;0.057487579843860895;0.0525195173882186;0.05535841022001419;0.08942512420156139;0.0688431511710433
N1;0.08658623136976579;0.053229240596167494;0.06742370475514549;0.07806955287437899;0.0688431511710433;0.047551454932576294;0.0234208658623137;0.0511000709723208;0.07310149041873669;0.0454222853087296;0.085166784953868;0.058907026259758695;0.056068133427963095;0.044712562100780694;0.08729595457771469;0.07310149041873669
N1;0.09510290986515259;0.048970901348474094;0.07381121362668559;0.0887154009936125;0.08161816891412349;0.035486160397444996;0.0127750177430802;0.050390347764371894;0.07026259758694109;0.03903477643718949;0.07594038325053229;0.05961674946770759;0.058907026259758695;0.05677785663591199;0.0830376153300213;0.0695528743789922
N6;0.11543909348441926;0.05311614730878187;0.08427762039660057;0.09631728045325778;0.09844192634560907;0.04745042492917847;0.013456090651558074;0.043909348441926344;0.07365439093484419;0.04320113314447592;0.06728045325779036;0.0453257790368272;0.060906515580736544;0.059490084985835696;0.06515580736543909;0.032577903682719546
N6;0.11402266288951841;0.058781869688385266;0.08073654390934844;0.08923512747875353;0.09419263456090651;0.046742209631728045;0.018413597733711047;0.03541076487252125;0.07861189801699717;0.04107648725212465;0.07011331444759207;0.05028328611898017;0.05524079320113314;0.04815864022662889;0.07152974504249292;0.04745042492917847
N1;0.08729595457771469;0.049680624556423;0.07310149041873669;0.085166784953868;0.08090844570617459;0.0397444996451384;0.017033356990773598;0.051809794180269694;0.0745209368346345;0.044712562100780694;0.07381121362668559;0.05961674946770759;0.051809794180269694;0.05535841022001419;0.08942512420156139;0.0660042583392477
N7;0.10459363957597173;0.07491166077738516;0.07208480565371024;0.08268551236749117;0.08904593639575972;0.0431095406360424;0.019081272084805655;0.045936395759717315;0.0784452296819788;0.03816254416961131;0.06643109540636043;0.051590106007067135;0.06219081272084806;0.04098939929328622;0.07703180212014134;0.05371024734982332
N3;0.10170697012802275;0.07041251778093884;0.06543385490753911;0.08534850640113797;0.08819345661450925;0.050497866287339974;0.016358463726884778;0.04480796586059744;0.07396870554765292;0.032005689900426744;0.06970128022759602;0.0561877667140825;0.05832147937411095;0.04694167852062589;0.08108108108108109;0.05903271692745377
N3;0.10455192034139403;0.07112375533428165;0.07254623044096728;0.07894736842105263;0.08890469416785206;0.04267425320056899;0.017780938833570414;0.04836415362731152;0.07823613086770982;0.041251778093883355;0.06258890469416785;0.051920341394025606;0.05476529160739687;0.04267425320056899;0.08179231863442389;0.061877667140825036
N1;0.0887154009936125;0.050390347764371894;0.07523066004258339;0.08729595457771469;0.0823278921220724;0.0383250532292406;0.0127750177430802;0.0482611781405252;0.0723917672107878;0.0397444996451384;0.07806955287437899;0.060326472675656495;0.057487579843860895;0.053229240596167494;0.085166784953868;0.07026259758694109
N5;0.09992962702322308;0.054187192118226604;0.07741027445460943;0.08515130190007038;0.0844475721323012;0.03589021815622801;0.012667135819845179;0.03940886699507389;0.07952146375791697;0.033075299085151305;0.07037297677691766;0.06896551724137931;0.05277973258268825;0.04926108374384237;0.09148486980999296;0.06544686840253343
N1;0.09510290986515259;0.048970901348474094;0.07381121362668559;0.08942512420156139;0.07877927608232789;0.04187366926898509;0.0113555713271824;0.048970901348474094;0.0716820440028389;0.03903477643718949;0.0716820440028389;0.05961674946770759;0.06103619588360539;0.0511000709723208;0.0858765081618169;0.0716820440028389
N9;0.10764872521246459;0.07932011331444759;0.07365439093484419;0.08286118980169972;0.08781869688385269;0.0453257790368272;0.0226628895184136;0.05524079320113314;0.07294617563739376;0.04461756373937677;0.06373937677053824;0.04603399433427762;0.07507082152974505;0.04178470254957507;0.06728045325779036;0.0339943342776204
N9;0.10410764872521247;0.07861189801699717;0.07790368271954674;0.08002832861189801;0.08923512747875353;0.04886685552407932;0.021246458923512748;0.05240793201133145;0.07223796033994334;0.043909348441926344;0.06515580736543909;0.049575070821529746;0.07507082152974505;0.04036827195467422;0.06657223796033994;0.034702549575070823
N2;0.0823278921220724;0.054648687012065295;0.07381121362668559;0.09155429382540808;0.08658623136976579;0.036905606813342796;0.017033356990773598;0.047551454932576294;0.07594038325053229;0.04045422285308729;0.06813342796309439;0.058907026259758695;0.057487579843860895;0.056068133427963095;0.08445706174591909;0.06813342796309439
N2;0.09723207948899928;0.0454222853087296;0.06813342796309439;0.10149041873669269;0.08374733853797019;0.035486160397444996;0.014194464158977998;0.0454222853087296;0.06742370475514549;0.0454222853087296;0.0688431511710433;0.053229240596167494;0.063875088715401;0.0525195173882186;0.08374733853797019;0.07381121362668559
N3;0.10007097232079488;0.0723917672107878;0.07310149041873669;0.0823278921220724;0.0887154009936125;0.046132008516678494;0.014904187366926898;0.0511000709723208;0.0766501064584812;0.035486160397444996;0.063875088715401;0.053229240596167494;0.06245564229950319;0.0468417317246274;0.0773598296664301;0.05535841022001419
N3;0.10007097232079488;0.0723917672107878;0.07310149041873669;0.0823278921220724;0.0887154009936125;0.046132008516678494;0.014194464158977998;0.0511000709723208;0.0766501064584812;0.0347764371894961;0.063875088715401;0.0539389638041164;0.06245564229950319;0.0468417317246274;0.07806955287437899;0.05535841022001419
N1;0.1156848828956707;0.048970901348474094;0.0631653655074521;0.09581263307310149;0.0745209368346345;0.03761533002129169;0.0198722498225692;0.043293115684882894;0.06742370475514549;0.0397444996451384;0.0723917672107878;0.05535841022001419;0.06529453513129879;0.048970901348474094;0.0801987224982257;0.0716820440028389
N4;0.08569405099150142;0.05736543909348442;0.07223796033994334;0.08781869688385269;0.07719546742209632;0.0453257790368272;0.021246458923512748;0.04603399433427762;0.07719546742209632;0.04178470254957507;0.07719546742209632;0.05807365439093484;0.06303116147308782;0.0453257790368272;0.08356940509915015;0.060906515580736544
N3;0.10078069552874379;0.0745209368346345;0.07310149041873669;0.0773598296664301;0.0858765081618169;0.0454222853087296;0.015613910574875798;0.053229240596167494;0.0766501064584812;0.0347764371894961;0.06529453513129879;0.056068133427963095;0.06245564229950319;0.0454222853087296;0.07877927608232789;0.054648687012065295
N5;0.0930888575458392;0.054301833568406205;0.07898448519040903;0.07757404795486601;0.07757404795486601;0.04160789844851904;0.01904090267983075;0.039492242595204514;0.08110014104372355;0.03244005641748942;0.08180535966149506;0.06488011283497884;0.05148095909732017;0.04936530324400564;0.08110014104372355;0.076163610719323
N1;0.11000709723207949;0.050390347764371894;0.0723917672107878;0.0880056777856636;0.07523066004258339;0.036905606813342796;0.016323633782824698;0.0454222853087296;0.07310149041873669;0.03903477643718949;0.06529453513129879;0.05819730305180979;0.061745919091554295;0.047551454932576294;0.0823278921220724;0.07806955287437899
N1;0.0908445706174592;0.047551454932576294;0.07097232079488999;0.09013484740951029;0.07594038325053229;0.03903477643718949;0.0191625266146203;0.0468417317246274;0.0723917672107878;0.0383250532292406;0.07381121362668559;0.063875088715401;0.05961674946770759;0.056068133427963095;0.085166784953868;0.07026259758694109
N1;0.0908445706174592;0.047551454932576294;0.0716820440028389;0.09013484740951029;0.0766501064584812;0.03903477643718949;0.0191625266146203;0.0454222853087296;0.0723917672107878;0.0383250532292406;0.07381121362668559;0.063875088715401;0.05961674946770759;0.05535841022001419;0.08445706174591909;0.0716820440028389
N8;0.09730113636363637;0.04971590909090909;0.08380681818181818;0.08238636363636363;0.08309659090909091;0.04190340909090909;0.01775568181818182;0.03409090909090909;0.08096590909090909;0.03551136363636364;0.08451704545454546;0.06392045454545454;0.05113636363636364;0.04971590909090909;0.07883522727272728;0.06534090909090909
N5;0.09757834757834757;0.04843304843304843;0.07621082621082621;0.08618233618233619;0.07621082621082621;0.039886039886039885;0.020655270655270654;0.037037037037037035;0.08190883190883191;0.03561253561253561;0.08190883190883191;0.06054131054131054;0.051994301994301995;0.04985754985754986;0.08190883190883191;0.07407407407407407
N1;0.08942512420156139;0.048970901348474094;0.07097232079488999;0.0887154009936125;0.0794889992902768;0.04045422285308729;0.017743080198722498;0.0511000709723208;0.07381121362668559;0.0440028388928318;0.07310149041873669;0.05677785663591199;0.054648687012065295;0.05535841022001419;0.08658623136976579;0.0688431511710433
N1;0.11024182076813656;0.05334281650071124;0.07112375533428165;0.0945945945945946;0.07610241820768136;0.033428165007112376;0.01849217638691323;0.044096728307254626;0.07539118065433854;0.03911806543385491;0.06827880512091039;0.05263157894736842;0.06685633001422475;0.04623044096728307;0.07823613086770982;0.07183499288762446
N4;0.09277620396600567;0.059490084985835696;0.07436260623229461;0.07790368271954674;0.07223796033994334;0.04461756373937677;0.0226628895184136;0.04320113314447592;0.08144475920679886;0.04107648725212465;0.07507082152974505;0.06232294617563739;0.05807365439093484;0.037535410764872525;0.08781869688385269;0.06940509915014165
N9;0.10410764872521247;0.07294617563739376;0.07436260623229461;0.08994334277620397;0.09985835694050992;0.039660056657223795;0.016288951841359773;0.04886685552407932;0.07152974504249292;0.04320113314447592;0.06728045325779036;0.04815864022662889;0.06586402266288952;0.04886685552407932;0.07223796033994334;0.036827195467422094
N1;0.08374733853797019;0.0539389638041164;0.07097232079488999;0.08090844570617459;0.07026259758694109;0.0454222853087296;0.0220014194464159;0.051809794180269694;0.0766501064584812;0.04187366926898509;0.0801987224982257;0.06103619588360539;0.05819730305180979;0.0482611781405252;0.08729595457771469;0.06742370475514549
N3;0.1022001419446416;0.0667139815471966;0.0631653655074521;0.08729595457771469;0.08374733853797019;0.0440028388928318;0.014904187366926898;0.047551454932576294;0.0716820440028389;0.031227821149751596;0.0723917672107878;0.05961674946770759;0.061745919091554295;0.0482611781405252;0.08445706174591909;0.06103619588360539
N3;0.10290986515259049;0.0667139815471966;0.06245564229950319;0.0880056777856636;0.085166784953868;0.0468417317246274;0.015613910574875798;0.046132008516678494;0.0716820440028389;0.0319375443577005;0.07310149041873669;0.05819730305180979;0.060326472675656495;0.0482611781405252;0.08374733853797019;0.058907026259758695
N3;0.10574875798438609;0.0660042583392477;0.06245564229950319;0.0887154009936125;0.085166784953868;0.0468417317246274;0.016323633782824698;0.0454222853087296;0.0723917672107878;0.030518097941802696;0.07310149041873669;0.05819730305180979;0.05961674946770759;0.050390347764371894;0.0823278921220724;0.05677785663591199
N5;0.09672830725462304;0.0476529160739687;0.07681365576102418;0.0860597439544808;0.07610241820768136;0.03982930298719772;0.020625889046941678;0.03769559032716927;0.08179231863442389;0.03627311522048364;0.08179231863442389;0.060455192034139404;0.051920341394025606;0.050497866287339974;0.08179231863442389;0.07396870554765292
N2;0.09439318665720368;0.051809794180269694;0.07381121362668559;0.08942512420156139;0.0880056777856636;0.0397444996451384;0.015613910574875798;0.0454222853087296;0.0688431511710433;0.046132008516678494;0.06458481192334989;0.05961674946770759;0.05819730305180979;0.0511000709723208;0.085166784953868;0.06813342796309439
N5;0.09520451339915374;0.0535966149506347;0.08039492242595205;0.08039492242595205;0.07898448519040903;0.04090267983074753;0.01622002820874471;0.04231311706629055;0.08180535966149506;0.03244005641748942;0.07757404795486601;0.06276445698166432;0.05289139633286319;0.05148095909732017;0.08110014104372355;0.07193229901269393
N6;0.11543909348441926;0.05240793201133145;0.08427762039660057;0.09702549575070822;0.09844192634560907;0.04745042492917847;0.013456090651558074;0.04320113314447592;0.07365439093484419;0.04320113314447592;0.06728045325779036;0.0453257790368272;0.060906515580736544;0.059490084985835696;0.06515580736543909;0.03328611898016997
N7;0.1088339222614841;0.07279151943462897;0.07137809187279152;0.0833922261484099;0.08763250883392226;0.04452296819787986;0.021908127208480566;0.04240282685512368;0.07632508833922262;0.03745583038869258;0.06431095406360424;0.05371024734982332;0.0636042402826855;0.04169611307420495;0.07420494699646643;0.0558303886925795
N1;0.10432931156848829;0.0482611781405252;0.06458481192334989;0.08729595457771469;0.06813342796309439;0.03903477643718949;0.0241305890702626;0.046132008516678494;0.0723917672107878;0.04045422285308729;0.07523066004258339;0.06245564229950319;0.058907026259758695;0.049680624556423;0.08729595457771469;0.0716820440028389
N6;0.11260623229461757;0.06019830028328612;0.07790368271954674;0.08923512747875353;0.09277620396600567;0.042492917847025496;0.0169971671388102;0.042492917847025496;0.07861189801699717;0.04320113314447592;0.07223796033994334;0.04745042492917847;0.05524079320113314;0.04886685552407932;0.07507082152974505;0.04461756373937677
N9;0.10906515580736544;0.07365439093484419;0.07507082152974505;0.08781869688385269;0.09702549575070822;0.037535410764872525;0.0169971671388102;0.05028328611898017;0.07223796033994334;0.04461756373937677;0.06657223796033994;0.046742209631728045;0.06728045325779036;0.04603399433427762;0.07152974504249292;0.037535410764872525
N1;0.0880056777856636;0.0454222853087296;0.07026259758694109;0.09013484740951029;0.07594038325053229;0.04045422285308729;0.0191625266146203;0.049680624556423;0.0723917672107878;0.0454222853087296;0.0773598296664301;0.05819730305180979;0.05677785663591199;0.0539389638041164;0.08729595457771469;0.0695528743789922
N1;0.0936834634492548;0.0511000709723208;0.0745209368346345;0.0858765081618169;0.0794889992902768;0.035486160397444996;0.0113555713271824;0.0511000709723208;0.07097232079488999;0.03761533002129169;0.07381121362668559;0.06245564229950319;0.060326472675656495;0.053229240596167494;0.0858765081618169;0.07310149041873669
N3;0.10432931156848829;0.0695528743789922;0.07026259758694109;0.08658623136976579;0.0880056777856636;0.047551454932576294;0.017033356990773598;0.044712562100780694;0.0794889992902768;0.0333569907735983;0.06742370475514549;0.0525195173882186;0.058907026259758695;0.0468417317246274;0.07806955287437899;0.05535841022001419
N3;0.10574875798438609;0.0695528743789922;0.0688431511710433;0.0858765081618169;0.09155429382540808;0.047551454932576294;0.0127750177430802;0.046132008516678494;0.07523066004258339;0.0333569907735983;0.0695528743789922;0.053229240596167494;0.057487579843860895;0.047551454932576294;0.0801987224982257;0.05535841022001419
N9;0.10694050991501416;0.07152974504249292;0.07365439093484419;0.08852691218130311;0.09560906515580736;0.043909348441926344;0.012039660056657223;0.05453257790368272;0.07365439093484419;0.042492917847025496;0.056657223796033995;0.046742209631728045;0.06444759206798867;0.04815864022662889;0.07719546742209632;0.043909348441926344
N9;0.10339943342776203;0.0708215297450425;0.07507082152974505;0.08994334277620397;0.09631728045325778;0.04461756373937677;0.013456090651558074;0.05240793201133145;0.07577903682719547;0.043909348441926344;0.05736543909348442;0.0453257790368272;0.06373937677053824;0.04745042492917847;0.0764872521246459;0.043909348441926344
N8;0.10056657223796034;0.051699716713881017;0.0821529745042493;0.08781869688385269;0.08427762039660057;0.039660056657223795;0.016288951841359773;0.031161473087818695;0.08286118980169972;0.0339943342776204;0.07719546742209632;0.059490084985835696;0.05453257790368272;0.04603399433427762;0.07790368271954674;0.07436260623229461
N3;0.10149041873669269;0.07381121362668559;0.07026259758694109;0.08161816891412349;0.085166784953868;0.0482611781405252;0.0191625266146203;0.0454222853087296;0.0801987224982257;0.032647267565649396;0.0660042583392477;0.05535841022001419;0.060326472675656495;0.043293115684882894;0.07877927608232789;0.05819730305180979
N9;0.11048158640226628;0.07436260623229461;0.07436260623229461;0.08781869688385269;0.09702549575070822;0.03895184135977337;0.017705382436260624;0.05028328611898017;0.07223796033994334;0.0453257790368272;0.06728045325779036;0.04461756373937677;0.06728045325779036;0.0453257790368272;0.07011331444759207;0.036827195467422094
N3;0.11071682044002838;0.06742370475514549;0.06813342796309439;0.09013484740951029;0.08942512420156139;0.042583392476934;0.014194464158977998;0.0454222853087296;0.07594038325053229;0.031227821149751596;0.0667139815471966;0.0539389638041164;0.060326472675656495;0.050390347764371894;0.07877927608232789;0.054648687012065295
N1;0.10432931156848829;0.0482611781405252;0.06458481192334989;0.08729595457771469;0.06813342796309439;0.03903477643718949;0.0241305890702626;0.046132008516678494;0.0723917672107878;0.04045422285308729;0.07523066004258339;0.06245564229950319;0.058907026259758695;0.049680624556423;0.08729595457771469;0.0716820440028389
N3;0.10007097232079488;0.0688431511710433;0.06458481192334989;0.08445706174591909;0.0830376153300213;0.046132008516678494;0.015613910574875798;0.0468417317246274;0.07310149041873669;0.029808374733853796;0.0716820440028389;0.061745919091554295;0.061745919091554295;0.0468417317246274;0.08445706174591909;0.06103619588360539
N3;0.099361249112846;0.06813342796309439;0.0660042583392477;0.0887154009936125;0.085166784953868;0.048970901348474094;0.015613910574875798;0.046132008516678494;0.07523066004258339;0.0333569907735983;0.0716820440028389;0.0539389638041164;0.06245564229950319;0.0454222853087296;0.08090844570617459;0.058907026259758695
N1;0.09155429382540808;0.047551454932576294;0.06742370475514549;0.09013484740951029;0.0773598296664301;0.0361958836053939;0.0191625266146203;0.047551454932576294;0.07310149041873669;0.043293115684882894;0.07594038325053229;0.058907026259758695;0.0539389638041164;0.053229240596167494;0.08942512420156139;0.07523066004258339
N2;0.09155429382540808;0.048970901348474094;0.0695528743789922;0.09439318665720368;0.0830376153300213;0.03761533002129169;0.017033356990773598;0.0454222853087296;0.07097232079488999;0.0411639460610362;0.07026259758694109;0.060326472675656495;0.058907026259758695;0.05535841022001419;0.0858765081618169;0.0695528743789922
N3;0.09723207948899928;0.06813342796309439;0.0660042583392477;0.08729595457771469;0.085166784953868;0.043293115684882894;0.017033356990773598;0.0454222853087296;0.07594038325053229;0.029808374733853796;0.0716820440028389;0.05819730305180979;0.060326472675656495;0.049680624556423;0.08090844570617459;0.063875088715401
N8;0.09560906515580736;0.05311614730878187;0.08427762039660057;0.0821529745042493;0.08427762039660057;0.04320113314447592;0.014164305949008499;0.03824362606232295;0.08144475920679886;0.03824362606232295;0.08286118980169972;0.058781869688385266;0.053824362606232294;0.0453257790368272;0.08002832861189801;0.06444759206798867
N1;0.0880056777856636;0.048970901348474094;0.07594038325053229;0.09155429382540808;0.08161816891412349;0.036905606813342796;0.0120652945351313;0.048970901348474094;0.07523066004258339;0.0397444996451384;0.0745209368346345;0.057487579843860895;0.058907026259758695;0.0539389638041164;0.085166784953868;0.07097232079488999
N3;0.10170697012802275;0.07041251778093884;0.06543385490753911;0.08534850640113797;0.08819345661450925;0.050497866287339974;0.016358463726884778;0.04480796586059744;0.07396870554765292;0.032005689900426744;0.06970128022759602;0.0561877667140825;0.05832147937411095;0.04694167852062589;0.08108108108108109;0.05903271692745377
N1;0.09155429382540808;0.048970901348474094;0.07594038325053229;0.0887154009936125;0.08374733853797019;0.0411639460610362;0.0106458481192335;0.0482611781405252;0.0723917672107878;0.0411639460610362;0.07310149041873669;0.05819730305180979;0.05677785663591199;0.0525195173882186;0.0858765081618169;0.07097232079488999
N1;0.09013484740951029;0.046132008516678494;0.0688431511710433;0.0880056777856636;0.07594038325053229;0.036905606813342796;0.0191625266146203;0.049680624556423;0.0723917672107878;0.044712562100780694;0.0766501064584812;0.060326472675656495;0.0539389638041164;0.0539389638041164;0.09013484740951029;0.07310149041873669
N1;0.09226401703335699;0.046132008516678494;0.06742370475514549;0.0880056777856636;0.07523066004258339;0.0361958836053939;0.0198722498225692;0.047551454932576294;0.07097232079488999;0.043293115684882894;0.07806955287437899;0.061745919091554295;0.054648687012065295;0.053229240596167494;0.08942512420156139;0.07594038325053229
N1;0.0908445706174592;0.0454222853087296;0.06742370475514549;0.08942512420156139;0.07523066004258339;0.036905606813342796;0.0198722498225692;0.049680624556423;0.0716820440028389;0.044712562100780694;0.07806955287437899;0.05961674946770759;0.054648687012065295;0.054648687012065295;0.08942512420156139;0.0723917672107878
N2;0.0936834634492548;0.0511000709723208;0.0695528743789922;0.09439318665720368;0.0801987224982257;0.029808374733853796;0.016323633782824698;0.05535841022001419;0.07097232079488999;0.044712562100780694;0.0688431511710433;0.0539389638041164;0.063875088715401;0.056068133427963095;0.08374733853797019;0.06742370475514549
N2;0.0936834634492548;0.0454222853087296;0.0695528743789922;0.09865152590489709;0.08161816891412349;0.036905606813342796;0.017033356990773598;0.0454222853087296;0.0688431511710433;0.0468417317246274;0.0688431511710433;0.054648687012065295;0.0631653655074521;0.051809794180269694;0.08374733853797019;0.07381121362668559
N2;0.09135977337110482;0.04815864022662889;0.07294617563739376;0.09277620396600567;0.08002832861189801;0.03895184135977337;0.017705382436260624;0.05028328611898017;0.07152974504249292;0.04603399433427762;0.06940509915014165;0.056657223796033995;0.06232294617563739;0.053824362606232294;0.08356940509915015;0.06444759206798867
N1;0.0908445706174592;0.0468417317246274;0.06813342796309439;0.08942512420156139;0.0766501064584812;0.0361958836053939;0.018452803406671398;0.049680624556423;0.07310149041873669;0.043293115684882894;0.07594038325053229;0.05961674946770759;0.0539389638041164;0.054648687012065295;0.09013484740951029;0.07310149041873669
N1;0.08942512420156139;0.0468417317246274;0.06813342796309439;0.0880056777856636;0.07523066004258339;0.03761533002129169;0.0198722498225692;0.050390347764371894;0.07310149041873669;0.044712562100780694;0.0766501064584812;0.05961674946770759;0.0539389638041164;0.0539389638041164;0.09013484740951029;0.0723917672107878
N2;0.0936834634492548;0.051809794180269694;0.0695528743789922;0.09439318665720368;0.0823278921220724;0.034066713981547196;0.015613910574875798;0.05535841022001419;0.07097232079488999;0.0454222853087296;0.0667139815471966;0.053229240596167494;0.06245564229950319;0.056068133427963095;0.08445706174591909;0.063875088715401
N2;0.09226401703335699;0.0468417317246274;0.07026259758694109;0.09723207948899928;0.08090844570617459;0.0361958836053939;0.017743080198722498;0.046132008516678494;0.06813342796309439;0.046132008516678494;0.06813342796309439;0.056068133427963095;0.06529453513129879;0.051809794180269694;0.0823278921220724;0.0745209368346345
N1;0.09155429382540808;0.046132008516678494;0.06813342796309439;0.0887154009936125;0.07594038325053229;0.036905606813342796;0.0191625266146203;0.049680624556423;0.0723917672107878;0.044712562100780694;0.07594038325053229;0.05961674946770759;0.0539389638041164;0.0539389638041164;0.09013484740951029;0.07310149041873669
N1;0.0908445706174592;0.047551454932576294;0.06742370475514549;0.08658623136976579;0.0745209368346345;0.03761533002129169;0.0205819730305181;0.049680624556423;0.0723917672107878;0.0440028388928318;0.07806955287437899;0.06103619588360539;0.0539389638041164;0.053229240596167494;0.09013484740951029;0.0723917672107878
N1;0.09013484740951029;0.046132008516678494;0.06813342796309439;0.0880056777856636;0.07594038325053229;0.036905606813342796;0.0191625266146203;0.049680624556423;0.0716820440028389;0.044712562100780694;0.07806955287437899;0.060326472675656495;0.0539389638041164;0.0539389638041164;0.09013484740951029;0.07310149041873669
N1;0.0908445706174592;0.0454222853087296;0.06742370475514549;0.0887154009936125;0.07523066004258339;0.0361958836053939;0.0198722498225692;0.049680624556423;0.0716820440028389;0.044712562100780694;0.0773598296664301;0.060326472675656495;0.0539389638041164;0.054648687012065295;0.09013484740951029;0.07381121362668559
N1;0.0908445706174592;0.0454222853087296;0.0688431511710433;0.08942512420156139;0.07523066004258339;0.036905606813342796;0.0198722498225692;0.048970901348474094;0.0723917672107878;0.044712562100780694;0.0773598296664301;0.05961674946770759;0.05535841022001419;0.0539389638041164;0.0887154009936125;0.0723917672107878
N2;0.0936834634492548;0.0440028388928318;0.07097232079488999;0.1022001419446416;0.08090844570617459;0.036905606813342796;0.015613910574875798;0.0454222853087296;0.0716820440028389;0.046132008516678494;0.06458481192334989;0.053229240596167494;0.06458481192334989;0.051809794180269694;0.08445706174591909;0.07381121362668559
N5;0.09672830725462304;0.0476529160739687;0.07610241820768136;0.0860597439544808;0.07539118065433854;0.04054054054054054;0.021337126600284494;0.03769559032716927;0.08179231863442389;0.03627311522048364;0.08036984352773827;0.060455192034139404;0.051920341394025606;0.050497866287339974;0.08179231863442389;0.07539118065433854
N6;0.11543909348441926;0.053824362606232294;0.08427762039660057;0.09631728045325778;0.09773371104815864;0.04745042492917847;0.014164305949008499;0.043909348441926344;0.07507082152974505;0.042492917847025496;0.0679886685552408;0.04461756373937677;0.060906515580736544;0.059490084985835696;0.06444759206798867;0.03186968838526912
N3;0.10149041873669269;0.0667139815471966;0.06529453513129879;0.08658623136976579;0.0858765081618169;0.048970901348474094;0.015613910574875798;0.0468417317246274;0.0723917672107878;0.034066713981547196;0.07310149041873669;0.056068133427963095;0.060326472675656495;0.047551454932576294;0.08161816891412349;0.057487579843860895
N8;0.08711048158640226;0.04603399433427762;0.07790368271954674;0.08569405099150142;0.07507082152974505;0.04320113314447592;0.016288951841359773;0.0453257790368272;0.07932011331444759;0.04107648725212465;0.08498583569405099;0.06161473087818697;0.05524079320113314;0.049575070821529746;0.08781869688385269;0.06373937677053824
N4;0.08640226628895184;0.06019830028328612;0.07436260623229461;0.08286118980169972;0.07436260623229461;0.046742209631728045;0.024787535410764873;0.04320113314447592;0.07932011331444759;0.04107648725212465;0.07577903682719547;0.06019830028328612;0.06373937677053824;0.04107648725212465;0.08144475920679886;0.06444759206798867
N1;0.0903271692745377;0.04694167852062589;0.07396870554765292;0.08890469416785206;0.07823613086770982;0.041251778093883355;0.011379800853485065;0.051920341394025606;0.07254623044096728;0.04267425320056899;0.0732574679943101;0.05903271692745377;0.05832147937411095;0.051920341394025606;0.08961593172119488;0.06970128022759602
N5;0.0992258972554539;0.05207600281491907;0.07952146375791697;0.082336382828993665;0.0781140042223786;0.03518648838845883;0.017593244194229415;0.03940886699507389;0.08092892329345532;0.03166783954961295;0.06755805770584096;0.07178043631245602;0.05489092188599578;0.05137227304714989;0.08726249120337791;0.07107670654468684
N1;0.09155429382540808;0.0511000709723208;0.0773598296664301;0.0858765081618169;0.0823278921220724;0.0411639460610362;0.0120652945351313;0.049680624556423;0.07310149041873669;0.0411639460610362;0.07026259758694109;0.058907026259758695;0.05819730305180979;0.051809794180269694;0.08445706174591909;0.07097232079488999
N3;0.099361249112846;0.0660042583392477;0.07310149041873669;0.0880056777856636;0.09297374024130589;0.0468417317246274;0.017743080198722498;0.0440028388928318;0.0766501064584812;0.0383250532292406;0.063875088715401;0.051809794180269694;0.057487579843860895;0.050390347764371894;0.07594038325053229;0.057487579843860895
N2;0.09439318665720368;0.051809794180269694;0.07381121362668559;0.09013484740951029;0.08729595457771469;0.0411639460610362;0.014194464158977998;0.0454222853087296;0.07097232079488999;0.0440028388928318;0.063875088715401;0.05961674946770759;0.057487579843860895;0.0511000709723208;0.08658623136976579;0.06813342796309439
N2;0.0965223562810504;0.051809794180269694;0.0716820440028389;0.0908445706174592;0.08729595457771469;0.04045422285308729;0.014194464158977998;0.046132008516678494;0.0695528743789922;0.044712562100780694;0.063875088715401;0.058907026259758695;0.057487579843860895;0.0511000709723208;0.08729595457771469;0.06813342796309439
N2;0.09581263307310149;0.0511000709723208;0.07310149041873669;0.09013484740951029;0.08729595457771469;0.04045422285308729;0.016323633782824698;0.044712562100780694;0.0695528743789922;0.047551454932576294;0.0631653655074521;0.05819730305180979;0.057487579843860895;0.049680624556423;0.0858765081618169;0.0695528743789922
N1;0.09155429382540808;0.0511000709723208;0.0773598296664301;0.0858765081618169;0.0823278921220724;0.0411639460610362;0.0120652945351313;0.049680624556423;0.07310149041873669;0.0411639460610362;0.07026259758694109;0.058907026259758695;0.05819730305180979;0.051809794180269694;0.08445706174591909;0.07097232079488999
N9;0.10552407932011332;0.07294617563739376;0.07294617563739376;0.08994334277620397;0.09490084985835694;0.04461756373937677;0.016288951841359773;0.04745042492917847;0.07507082152974505;0.04320113314447592;0.06019830028328612;0.04886685552407932;0.06586402266288952;0.042492917847025496;0.07790368271954674;0.04178470254957507
N7;0.10623229461756374;0.06940509915014165;0.07861189801699717;0.08144475920679886;0.09135977337110482;0.03824362606232295;0.018413597733711047;0.046742209631728045;0.07294617563739376;0.04107648725212465;0.06869688385269122;0.05594900849858357;0.06515580736543909;0.04603399433427762;0.07294617563739376;0.046742209631728045
